[ 6231.785273] [Project1] 5571 1587896049.733697713 1587896050.524585177
[ 6233.282349] [Project1] 5572 1587896051.251790666 1587896052.021673766
[ 6234.786388] [Project1] 5573 1587896052.753904465 1587896053.525741177
[ 6236.311362] [Project1] 5574 1587896054.271391662 1587896055.050726157
[ 6237.815723] [Project1] 5575 1587896055.772526736 1587896056.555121240
[ 6239.321392] [Project1] 5578 1587896057.282070014 1587896058.060800100
[ 6240.833097] [Project1] 5579 1587896058.793757101 1587896059.572533855
[ 6242.322444] [Project1] 5580 1587896060.285186970 1587896061.061894886
[ 6243.789988] [Project1] 5581 1587896061.763317483 1587896062.529464114
[ 6245.288232] [Project1] 5582 1587896063.249111883 1587896064.027721188
