[  513.703995] [Project1] 3406 1587910256.381883864 1587910257.203648069
[  515.366159] [Project1] 3407 1587910258.017579089 1587910258.865120840
[  516.993345] [Project1] 3408 1587910259.674659666 1587910260.491671526
[  518.635201] [Project1] 3409 1587910261.299828895 1587910262.132885390
[  520.316320] [Project1] 3410 1587910262.955349017 1587910263.813398856
[  521.925756] [Project1] 3413 1587910264.590194408 1587910265.422242488
[  523.597690] [Project1] 3414 1587910266.234580042 1587910267.093606907
[  525.218060] [Project1] 3415 1587910267.887124435 1587910268.713445868
[  526.763516] [Project1] 3416 1587910269.464754165 1587910270.258397305
[  528.321800] [Project1] 3417 1587910271.007739543 1587910271.816152170
